343
0
7 0 50 1 50 2 50 3 50 4 50 5 50 6 50 
0
7 7 50 8 50 9 50 10 50 11 50 12 50 13 50 
0
7 14 50 15 50 16 50 17 50 18 50 19 50 20 50 
0
7 21 50 22 50 23 50 24 50 25 50 26 50 27 50 
0
7 28 50 29 50 30 50 31 50 32 50 33 50 34 50 
0
7 35 50 36 50 37 50 38 50 39 50 40 50 41 50 
0
7 42 50 43 50 44 50 45 50 46 50 47 50 48 50 
1
7 0 50 1 50 2 50 3 50 4 50 5 50 6 50 
1
7 7 50 8 50 9 50 10 50 11 50 12 50 13 50 
1
7 14 50 15 50 16 50 17 50 18 50 19 50 20 50 
1
7 21 50 22 50 23 50 24 50 25 50 26 50 27 50 
1
7 28 50 29 50 30 50 31 50 32 50 33 50 34 50 
1
7 35 50 36 50 37 50 38 50 39 50 40 50 41 50 
1
7 42 50 43 50 44 50 45 50 46 50 47 50 48 50 
2
7 0 50 1 50 2 50 3 50 4 50 5 50 6 50 
2
7 7 50 8 50 9 50 10 50 11 50 12 50 13 50 
2
7 14 50 15 50 16 50 17 50 18 50 19 50 20 50 
2
7 21 50 22 50 23 50 24 50 25 50 26 50 27 50 
2
7 28 50 29 50 30 50 31 50 32 50 33 50 34 50 
2
7 35 50 36 50 37 50 38 50 39 50 40 50 41 50 
2
7 42 50 43 50 44 50 45 50 46 50 47 50 48 50 
3
7 0 50 1 50 2 50 3 50 4 50 5 50 6 50 
3
7 7 50 8 50 9 50 10 50 11 50 12 50 13 50 
3
7 14 50 15 50 16 50 17 50 18 50 19 50 20 50 
3
7 21 50 22 50 23 50 24 50 25 50 26 50 27 50 
3
7 28 50 29 50 30 50 31 50 32 50 33 50 34 50 
3
7 35 50 36 50 37 50 38 50 39 50 40 50 41 50 
3
7 42 50 43 50 44 50 45 50 46 50 47 50 48 50 
4
7 0 50 1 50 2 50 3 50 4 50 5 50 6 50 
4
7 7 50 8 50 9 50 10 50 11 50 12 50 13 50 
4
7 14 50 15 50 16 50 17 50 18 50 19 50 20 50 
4
7 21 50 22 50 23 50 24 50 25 50 26 50 27 50 
4
7 28 50 29 50 30 50 31 50 32 50 33 50 34 50 
4
7 35 50 36 50 37 50 38 50 39 50 40 50 41 50 
4
7 42 50 43 50 44 50 45 50 46 50 47 50 48 50 
5
7 0 50 1 50 2 50 3 50 4 50 5 50 6 50 
5
7 7 50 8 50 9 50 10 50 11 50 12 50 13 50 
5
7 14 50 15 50 16 50 17 50 18 50 19 50 20 50 
5
7 21 50 22 50 23 50 24 50 25 50 26 50 27 50 
5
7 28 50 29 50 30 50 31 50 32 50 33 50 34 50 
5
7 35 50 36 50 37 50 38 50 39 50 40 50 41 50 
5
7 42 50 43 50 44 50 45 50 46 50 47 50 48 50 
6
7 0 50 1 50 2 50 3 50 4 50 5 50 6 50 
6
7 7 50 8 50 9 50 10 50 11 50 12 50 13 50 
6
7 14 50 15 50 16 50 17 50 18 50 19 50 20 50 
6
7 21 50 22 50 23 50 24 50 25 50 26 50 27 50 
6
7 28 50 29 50 30 50 31 50 32 50 33 50 34 50 
6
7 35 50 36 50 37 50 38 50 39 50 40 50 41 50 
6
7 42 50 43 50 44 50 45 50 46 50 47 50 48 50 
7
7 0 50 1 50 2 50 3 50 4 50 5 50 6 50 
7
7 7 50 8 50 9 50 10 50 11 50 12 50 13 50 
7
7 14 50 15 50 16 50 17 50 18 50 19 50 20 50 
7
7 21 50 22 50 23 50 24 50 25 50 26 50 27 50 
7
7 28 50 29 50 30 50 31 50 32 50 33 50 34 50 
7
7 35 50 36 50 37 50 38 50 39 50 40 50 41 50 
7
7 42 50 43 50 44 50 45 50 46 50 47 50 48 50 
8
7 0 50 1 50 2 50 3 50 4 50 5 50 6 50 
8
7 7 50 8 50 9 50 10 50 11 50 12 50 13 50 
8
7 14 50 15 50 16 50 17 50 18 50 19 50 20 50 
8
7 21 50 22 50 23 50 24 50 25 50 26 50 27 50 
8
7 28 50 29 50 30 50 31 50 32 50 33 50 34 50 
8
7 35 50 36 50 37 50 38 50 39 50 40 50 41 50 
8
7 42 50 43 50 44 50 45 50 46 50 47 50 48 50 
9
7 0 50 1 50 2 50 3 50 4 50 5 50 6 50 
9
7 7 50 8 50 9 50 10 50 11 50 12 50 13 50 
9
7 14 50 15 50 16 50 17 50 18 50 19 50 20 50 
9
7 21 50 22 50 23 50 24 50 25 50 26 50 27 50 
9
7 28 50 29 50 30 50 31 50 32 50 33 50 34 50 
9
7 35 50 36 50 37 50 38 50 39 50 40 50 41 50 
9
7 42 50 43 50 44 50 45 50 46 50 47 50 48 50 
10
7 0 50 1 50 2 50 3 50 4 50 5 50 6 50 
10
7 7 50 8 50 9 50 10 50 11 50 12 50 13 50 
10
7 14 50 15 50 16 50 17 50 18 50 19 50 20 50 
10
7 21 50 22 50 23 50 24 50 25 50 26 50 27 50 
10
7 28 50 29 50 30 50 31 50 32 50 33 50 34 50 
10
7 35 50 36 50 37 50 38 50 39 50 40 50 41 50 
10
7 42 50 43 50 44 50 45 50 46 50 47 50 48 50 
11
7 0 50 1 50 2 50 3 50 4 50 5 50 6 50 
11
7 7 50 8 50 9 50 10 50 11 50 12 50 13 50 
11
7 14 50 15 50 16 50 17 50 18 50 19 50 20 50 
11
7 21 50 22 50 23 50 24 50 25 50 26 50 27 50 
11
7 28 50 29 50 30 50 31 50 32 50 33 50 34 50 
11
7 35 50 36 50 37 50 38 50 39 50 40 50 41 50 
11
7 42 50 43 50 44 50 45 50 46 50 47 50 48 50 
12
7 0 50 1 50 2 50 3 50 4 50 5 50 6 50 
12
7 7 50 8 50 9 50 10 50 11 50 12 50 13 50 
12
7 14 50 15 50 16 50 17 50 18 50 19 50 20 50 
12
7 21 50 22 50 23 50 24 50 25 50 26 50 27 50 
12
7 28 50 29 50 30 50 31 50 32 50 33 50 34 50 
12
7 35 50 36 50 37 50 38 50 39 50 40 50 41 50 
12
7 42 50 43 50 44 50 45 50 46 50 47 50 48 50 
13
7 0 50 1 50 2 50 3 50 4 50 5 50 6 50 
13
7 7 50 8 50 9 50 10 50 11 50 12 50 13 50 
13
7 14 50 15 50 16 50 17 50 18 50 19 50 20 50 
13
7 21 50 22 50 23 50 24 50 25 50 26 50 27 50 
13
7 28 50 29 50 30 50 31 50 32 50 33 50 34 50 
13
7 35 50 36 50 37 50 38 50 39 50 40 50 41 50 
13
7 42 50 43 50 44 50 45 50 46 50 47 50 48 50 
14
7 0 50 1 50 2 50 3 50 4 50 5 50 6 50 
14
7 7 50 8 50 9 50 10 50 11 50 12 50 13 50 
14
7 14 50 15 50 16 50 17 50 18 50 19 50 20 50 
14
7 21 50 22 50 23 50 24 50 25 50 26 50 27 50 
14
7 28 50 29 50 30 50 31 50 32 50 33 50 34 50 
14
7 35 50 36 50 37 50 38 50 39 50 40 50 41 50 
14
7 42 50 43 50 44 50 45 50 46 50 47 50 48 50 
15
7 0 50 1 50 2 50 3 50 4 50 5 50 6 50 
15
7 7 50 8 50 9 50 10 50 11 50 12 50 13 50 
15
7 14 50 15 50 16 50 17 50 18 50 19 50 20 50 
15
7 21 50 22 50 23 50 24 50 25 50 26 50 27 50 
15
7 28 50 29 50 30 50 31 50 32 50 33 50 34 50 
15
7 35 50 36 50 37 50 38 50 39 50 40 50 41 50 
15
7 42 50 43 50 44 50 45 50 46 50 47 50 48 50 
16
7 0 50 1 50 2 50 3 50 4 50 5 50 6 50 
16
7 7 50 8 50 9 50 10 50 11 50 12 50 13 50 
16
7 14 50 15 50 16 50 17 50 18 50 19 50 20 50 
16
7 21 50 22 50 23 50 24 50 25 50 26 50 27 50 
16
7 28 50 29 50 30 50 31 50 32 50 33 50 34 50 
16
7 35 50 36 50 37 50 38 50 39 50 40 50 41 50 
16
7 42 50 43 50 44 50 45 50 46 50 47 50 48 50 
17
7 0 50 1 50 2 50 3 50 4 50 5 50 6 50 
17
7 7 50 8 50 9 50 10 50 11 50 12 50 13 50 
17
7 14 50 15 50 16 50 17 50 18 50 19 50 20 50 
17
7 21 50 22 50 23 50 24 50 25 50 26 50 27 50 
17
7 28 50 29 50 30 50 31 50 32 50 33 50 34 50 
17
7 35 50 36 50 37 50 38 50 39 50 40 50 41 50 
17
7 42 50 43 50 44 50 45 50 46 50 47 50 48 50 
18
7 0 50 1 50 2 50 3 50 4 50 5 50 6 50 
18
7 7 50 8 50 9 50 10 50 11 50 12 50 13 50 
18
7 14 50 15 50 16 50 17 50 18 50 19 50 20 50 
18
7 21 50 22 50 23 50 24 50 25 50 26 50 27 50 
18
7 28 50 29 50 30 50 31 50 32 50 33 50 34 50 
18
7 35 50 36 50 37 50 38 50 39 50 40 50 41 50 
18
7 42 50 43 50 44 50 45 50 46 50 47 50 48 50 
19
7 0 50 1 50 2 50 3 50 4 50 5 50 6 50 
19
7 7 50 8 50 9 50 10 50 11 50 12 50 13 50 
19
7 14 50 15 50 16 50 17 50 18 50 19 50 20 50 
19
7 21 50 22 50 23 50 24 50 25 50 26 50 27 50 
19
7 28 50 29 50 30 50 31 50 32 50 33 50 34 50 
19
7 35 50 36 50 37 50 38 50 39 50 40 50 41 50 
19
7 42 50 43 50 44 50 45 50 46 50 47 50 48 50 
20
7 0 50 1 50 2 50 3 50 4 50 5 50 6 50 
20
7 7 50 8 50 9 50 10 50 11 50 12 50 13 50 
20
7 14 50 15 50 16 50 17 50 18 50 19 50 20 50 
20
7 21 50 22 50 23 50 24 50 25 50 26 50 27 50 
20
7 28 50 29 50 30 50 31 50 32 50 33 50 34 50 
20
7 35 50 36 50 37 50 38 50 39 50 40 50 41 50 
20
7 42 50 43 50 44 50 45 50 46 50 47 50 48 50 
21
7 0 50 1 50 2 50 3 50 4 50 5 50 6 50 
21
7 7 50 8 50 9 50 10 50 11 50 12 50 13 50 
21
7 14 50 15 50 16 50 17 50 18 50 19 50 20 50 
21
7 21 50 22 50 23 50 24 50 25 50 26 50 27 50 
21
7 28 50 29 50 30 50 31 50 32 50 33 50 34 50 
21
7 35 50 36 50 37 50 38 50 39 50 40 50 41 50 
21
7 42 50 43 50 44 50 45 50 46 50 47 50 48 50 
22
7 0 50 1 50 2 50 3 50 4 50 5 50 6 50 
22
7 7 50 8 50 9 50 10 50 11 50 12 50 13 50 
22
7 14 50 15 50 16 50 17 50 18 50 19 50 20 50 
22
7 21 50 22 50 23 50 24 50 25 50 26 50 27 50 
22
7 28 50 29 50 30 50 31 50 32 50 33 50 34 50 
22
7 35 50 36 50 37 50 38 50 39 50 40 50 41 50 
22
7 42 50 43 50 44 50 45 50 46 50 47 50 48 50 
23
7 0 50 1 50 2 50 3 50 4 50 5 50 6 50 
23
7 7 50 8 50 9 50 10 50 11 50 12 50 13 50 
23
7 14 50 15 50 16 50 17 50 18 50 19 50 20 50 
23
7 21 50 22 50 23 50 24 50 25 50 26 50 27 50 
23
7 28 50 29 50 30 50 31 50 32 50 33 50 34 50 
23
7 35 50 36 50 37 50 38 50 39 50 40 50 41 50 
23
7 42 50 43 50 44 50 45 50 46 50 47 50 48 50 
24
7 0 50 1 50 2 50 3 50 4 50 5 50 6 50 
24
7 7 50 8 50 9 50 10 50 11 50 12 50 13 50 
24
7 14 50 15 50 16 50 17 50 18 50 19 50 20 50 
24
7 21 50 22 50 23 50 24 50 25 50 26 50 27 50 
24
7 28 50 29 50 30 50 31 50 32 50 33 50 34 50 
24
7 35 50 36 50 37 50 38 50 39 50 40 50 41 50 
24
7 42 50 43 50 44 50 45 50 46 50 47 50 48 50 
25
7 0 50 1 50 2 50 3 50 4 50 5 50 6 50 
25
7 7 50 8 50 9 50 10 50 11 50 12 50 13 50 
25
7 14 50 15 50 16 50 17 50 18 50 19 50 20 50 
25
7 21 50 22 50 23 50 24 50 25 50 26 50 27 50 
25
7 28 50 29 50 30 50 31 50 32 50 33 50 34 50 
25
7 35 50 36 50 37 50 38 50 39 50 40 50 41 50 
25
7 42 50 43 50 44 50 45 50 46 50 47 50 48 50 
26
7 0 50 1 50 2 50 3 50 4 50 5 50 6 50 
26
7 7 50 8 50 9 50 10 50 11 50 12 50 13 50 
26
7 14 50 15 50 16 50 17 50 18 50 19 50 20 50 
26
7 21 50 22 50 23 50 24 50 25 50 26 50 27 50 
26
7 28 50 29 50 30 50 31 50 32 50 33 50 34 50 
26
7 35 50 36 50 37 50 38 50 39 50 40 50 41 50 
26
7 42 50 43 50 44 50 45 50 46 50 47 50 48 50 
27
7 0 50 1 50 2 50 3 50 4 50 5 50 6 50 
27
7 7 50 8 50 9 50 10 50 11 50 12 50 13 50 
27
7 14 50 15 50 16 50 17 50 18 50 19 50 20 50 
27
7 21 50 22 50 23 50 24 50 25 50 26 50 27 50 
27
7 28 50 29 50 30 50 31 50 32 50 33 50 34 50 
27
7 35 50 36 50 37 50 38 50 39 50 40 50 41 50 
27
7 42 50 43 50 44 50 45 50 46 50 47 50 48 50 
28
7 0 50 1 50 2 50 3 50 4 50 5 50 6 50 
28
7 7 50 8 50 9 50 10 50 11 50 12 50 13 50 
28
7 14 50 15 50 16 50 17 50 18 50 19 50 20 50 
28
7 21 50 22 50 23 50 24 50 25 50 26 50 27 50 
28
7 28 50 29 50 30 50 31 50 32 50 33 50 34 50 
28
7 35 50 36 50 37 50 38 50 39 50 40 50 41 50 
28
7 42 50 43 50 44 50 45 50 46 50 47 50 48 50 
29
7 0 50 1 50 2 50 3 50 4 50 5 50 6 50 
29
7 7 50 8 50 9 50 10 50 11 50 12 50 13 50 
29
7 14 50 15 50 16 50 17 50 18 50 19 50 20 50 
29
7 21 50 22 50 23 50 24 50 25 50 26 50 27 50 
29
7 28 50 29 50 30 50 31 50 32 50 33 50 34 50 
29
7 35 50 36 50 37 50 38 50 39 50 40 50 41 50 
29
7 42 50 43 50 44 50 45 50 46 50 47 50 48 50 
30
7 0 50 1 50 2 50 3 50 4 50 5 50 6 50 
30
7 7 50 8 50 9 50 10 50 11 50 12 50 13 50 
30
7 14 50 15 50 16 50 17 50 18 50 19 50 20 50 
30
7 21 50 22 50 23 50 24 50 25 50 26 50 27 50 
30
7 28 50 29 50 30 50 31 50 32 50 33 50 34 50 
30
7 35 50 36 50 37 50 38 50 39 50 40 50 41 50 
30
7 42 50 43 50 44 50 45 50 46 50 47 50 48 50 
31
7 0 50 1 50 2 50 3 50 4 50 5 50 6 50 
31
7 7 50 8 50 9 50 10 50 11 50 12 50 13 50 
31
7 14 50 15 50 16 50 17 50 18 50 19 50 20 50 
31
7 21 50 22 50 23 50 24 50 25 50 26 50 27 50 
31
7 28 50 29 50 30 50 31 50 32 50 33 50 34 50 
31
7 35 50 36 50 37 50 38 50 39 50 40 50 41 50 
31
7 42 50 43 50 44 50 45 50 46 50 47 50 48 50 
32
7 0 50 1 50 2 50 3 50 4 50 5 50 6 50 
32
7 7 50 8 50 9 50 10 50 11 50 12 50 13 50 
32
7 14 50 15 50 16 50 17 50 18 50 19 50 20 50 
32
7 21 50 22 50 23 50 24 50 25 50 26 50 27 50 
32
7 28 50 29 50 30 50 31 50 32 50 33 50 34 50 
32
7 35 50 36 50 37 50 38 50 39 50 40 50 41 50 
32
7 42 50 43 50 44 50 45 50 46 50 47 50 48 50 
33
7 0 50 1 50 2 50 3 50 4 50 5 50 6 50 
33
7 7 50 8 50 9 50 10 50 11 50 12 50 13 50 
33
7 14 50 15 50 16 50 17 50 18 50 19 50 20 50 
33
7 21 50 22 50 23 50 24 50 25 50 26 50 27 50 
33
7 28 50 29 50 30 50 31 50 32 50 33 50 34 50 
33
7 35 50 36 50 37 50 38 50 39 50 40 50 41 50 
33
7 42 50 43 50 44 50 45 50 46 50 47 50 48 50 
34
7 0 50 1 50 2 50 3 50 4 50 5 50 6 50 
34
7 7 50 8 50 9 50 10 50 11 50 12 50 13 50 
34
7 14 50 15 50 16 50 17 50 18 50 19 50 20 50 
34
7 21 50 22 50 23 50 24 50 25 50 26 50 27 50 
34
7 28 50 29 50 30 50 31 50 32 50 33 50 34 50 
34
7 35 50 36 50 37 50 38 50 39 50 40 50 41 50 
34
7 42 50 43 50 44 50 45 50 46 50 47 50 48 50 
35
7 0 50 1 50 2 50 3 50 4 50 5 50 6 50 
35
7 7 50 8 50 9 50 10 50 11 50 12 50 13 50 
35
7 14 50 15 50 16 50 17 50 18 50 19 50 20 50 
35
7 21 50 22 50 23 50 24 50 25 50 26 50 27 50 
35
7 28 50 29 50 30 50 31 50 32 50 33 50 34 50 
35
7 35 50 36 50 37 50 38 50 39 50 40 50 41 50 
35
7 42 50 43 50 44 50 45 50 46 50 47 50 48 50 
36
7 0 50 1 50 2 50 3 50 4 50 5 50 6 50 
36
7 7 50 8 50 9 50 10 50 11 50 12 50 13 50 
36
7 14 50 15 50 16 50 17 50 18 50 19 50 20 50 
36
7 21 50 22 50 23 50 24 50 25 50 26 50 27 50 
36
7 28 50 29 50 30 50 31 50 32 50 33 50 34 50 
36
7 35 50 36 50 37 50 38 50 39 50 40 50 41 50 
36
7 42 50 43 50 44 50 45 50 46 50 47 50 48 50 
37
7 0 50 1 50 2 50 3 50 4 50 5 50 6 50 
37
7 7 50 8 50 9 50 10 50 11 50 12 50 13 50 
37
7 14 50 15 50 16 50 17 50 18 50 19 50 20 50 
37
7 21 50 22 50 23 50 24 50 25 50 26 50 27 50 
37
7 28 50 29 50 30 50 31 50 32 50 33 50 34 50 
37
7 35 50 36 50 37 50 38 50 39 50 40 50 41 50 
37
7 42 50 43 50 44 50 45 50 46 50 47 50 48 50 
38
7 0 50 1 50 2 50 3 50 4 50 5 50 6 50 
38
7 7 50 8 50 9 50 10 50 11 50 12 50 13 50 
38
7 14 50 15 50 16 50 17 50 18 50 19 50 20 50 
38
7 21 50 22 50 23 50 24 50 25 50 26 50 27 50 
38
7 28 50 29 50 30 50 31 50 32 50 33 50 34 50 
38
7 35 50 36 50 37 50 38 50 39 50 40 50 41 50 
38
7 42 50 43 50 44 50 45 50 46 50 47 50 48 50 
39
7 0 50 1 50 2 50 3 50 4 50 5 50 6 50 
39
7 7 50 8 50 9 50 10 50 11 50 12 50 13 50 
39
7 14 50 15 50 16 50 17 50 18 50 19 50 20 50 
39
7 21 50 22 50 23 50 24 50 25 50 26 50 27 50 
39
7 28 50 29 50 30 50 31 50 32 50 33 50 34 50 
39
7 35 50 36 50 37 50 38 50 39 50 40 50 41 50 
39
7 42 50 43 50 44 50 45 50 46 50 47 50 48 50 
40
7 0 50 1 50 2 50 3 50 4 50 5 50 6 50 
40
7 7 50 8 50 9 50 10 50 11 50 12 50 13 50 
40
7 14 50 15 50 16 50 17 50 18 50 19 50 20 50 
40
7 21 50 22 50 23 50 24 50 25 50 26 50 27 50 
40
7 28 50 29 50 30 50 31 50 32 50 33 50 34 50 
40
7 35 50 36 50 37 50 38 50 39 50 40 50 41 50 
40
7 42 50 43 50 44 50 45 50 46 50 47 50 48 50 
41
7 0 50 1 50 2 50 3 50 4 50 5 50 6 50 
41
7 7 50 8 50 9 50 10 50 11 50 12 50 13 50 
41
7 14 50 15 50 16 50 17 50 18 50 19 50 20 50 
41
7 21 50 22 50 23 50 24 50 25 50 26 50 27 50 
41
7 28 50 29 50 30 50 31 50 32 50 33 50 34 50 
41
7 35 50 36 50 37 50 38 50 39 50 40 50 41 50 
41
7 42 50 43 50 44 50 45 50 46 50 47 50 48 50 
42
7 0 50 1 50 2 50 3 50 4 50 5 50 6 50 
42
7 7 50 8 50 9 50 10 50 11 50 12 50 13 50 
42
7 14 50 15 50 16 50 17 50 18 50 19 50 20 50 
42
7 21 50 22 50 23 50 24 50 25 50 26 50 27 50 
42
7 28 50 29 50 30 50 31 50 32 50 33 50 34 50 
42
7 35 50 36 50 37 50 38 50 39 50 40 50 41 50 
42
7 42 50 43 50 44 50 45 50 46 50 47 50 48 50 
43
7 0 50 1 50 2 50 3 50 4 50 5 50 6 50 
43
7 7 50 8 50 9 50 10 50 11 50 12 50 13 50 
43
7 14 50 15 50 16 50 17 50 18 50 19 50 20 50 
43
7 21 50 22 50 23 50 24 50 25 50 26 50 27 50 
43
7 28 50 29 50 30 50 31 50 32 50 33 50 34 50 
43
7 35 50 36 50 37 50 38 50 39 50 40 50 41 50 
43
7 42 50 43 50 44 50 45 50 46 50 47 50 48 50 
44
7 0 50 1 50 2 50 3 50 4 50 5 50 6 50 
44
7 7 50 8 50 9 50 10 50 11 50 12 50 13 50 
44
7 14 50 15 50 16 50 17 50 18 50 19 50 20 50 
44
7 21 50 22 50 23 50 24 50 25 50 26 50 27 50 
44
7 28 50 29 50 30 50 31 50 32 50 33 50 34 50 
44
7 35 50 36 50 37 50 38 50 39 50 40 50 41 50 
44
7 42 50 43 50 44 50 45 50 46 50 47 50 48 50 
45
7 0 50 1 50 2 50 3 50 4 50 5 50 6 50 
45
7 7 50 8 50 9 50 10 50 11 50 12 50 13 50 
45
7 14 50 15 50 16 50 17 50 18 50 19 50 20 50 
45
7 21 50 22 50 23 50 24 50 25 50 26 50 27 50 
45
7 28 50 29 50 30 50 31 50 32 50 33 50 34 50 
45
7 35 50 36 50 37 50 38 50 39 50 40 50 41 50 
45
7 42 50 43 50 44 50 45 50 46 50 47 50 48 50 
46
7 0 50 1 50 2 50 3 50 4 50 5 50 6 50 
46
7 7 50 8 50 9 50 10 50 11 50 12 50 13 50 
46
7 14 50 15 50 16 50 17 50 18 50 19 50 20 50 
46
7 21 50 22 50 23 50 24 50 25 50 26 50 27 50 
46
7 28 50 29 50 30 50 31 50 32 50 33 50 34 50 
46
7 35 50 36 50 37 50 38 50 39 50 40 50 41 50 
46
7 42 50 43 50 44 50 45 50 46 50 47 50 48 50 
47
7 0 50 1 50 2 50 3 50 4 50 5 50 6 50 
47
7 7 50 8 50 9 50 10 50 11 50 12 50 13 50 
47
7 14 50 15 50 16 50 17 50 18 50 19 50 20 50 
47
7 21 50 22 50 23 50 24 50 25 50 26 50 27 50 
47
7 28 50 29 50 30 50 31 50 32 50 33 50 34 50 
47
7 35 50 36 50 37 50 38 50 39 50 40 50 41 50 
47
7 42 50 43 50 44 50 45 50 46 50 47 50 48 50 
48
7 0 50 1 50 2 50 3 50 4 50 5 50 6 50 
48
7 7 50 8 50 9 50 10 50 11 50 12 50 13 50 
48
7 14 50 15 50 16 50 17 50 18 50 19 50 20 50 
48
7 21 50 22 50 23 50 24 50 25 50 26 50 27 50 
48
7 28 50 29 50 30 50 31 50 32 50 33 50 34 50 
48
7 35 50 36 50 37 50 38 50 39 50 40 50 41 50 
48
7 42 50 43 50 44 50 45 50 46 50 47 50 48 50 
